Te=0.01;